15.6417 15.3885 17.459
1.13915 8.66557 10.3394
14.6194 8.04048 13.4282
13.2042 13.3035 7.9531
10.8449 11.6652 12.2878
-2.85667 6.3545 -0.179627
4.09962 5.16319 -2.38617
-7.07456 -1.30512 3.89216
2.79776 -0.0761267 9.07232
-7.32385 -3.44222 0.584879
-4.67385 -3.19145 -9.64328
13.8954 7.75025 12.5222
12.1109 13.6111 14.3681
-7.68403 -5.17632 -5.80055
-5.16207 3.31994 -0.563473
-5.77162 -7.39597 2.28924
11.7363 9.21583 5.79367
12.1889 13.4879 9.34269
1.95037 -3.06696 6.51726
3.68592 3.30681 3.10876
8.95898 2.99057 0.963238
-4.76424 -3.83759 4.56151
9.18971 10.5404 12.3541
9.47234 4.25039 7.11812
-6.23388 0.218291 -0.371223
13.0532 8.98281 6.16465
5.80859 3.05405 5.24582
1.74171 -1.38755 -5.41434
-0.160557 -5.22288 -3.87157
-11.0263 -9.64278 -6.49593
-5.82747 -3.5823 4.04554
6.91946 3.73992 8.62951
-5.18127 -3.09531 5.34557
7.71859 2.89838 10.4082
3.63869 3.38527 0.633181
-8.02724 -7.47459 -0.474798
10.9984 3.42593 7.75613
5.24582 7.34682 0.443129
-6.63546 -8.70452 -0.981534
4.65947 -1.13887 8.17763
4.19371 2.10132 5.24498
4.43948 10.619 2.8032
3.84642 2.92816 7.1459
0.764535 -3.08682 -0.549965
-2.70373 4.3704 -0.432217
-8.66783 -2.6439 -7.92896
11.1559 13.0615 8.95005
-5.50048 -2.79637 0.84626
2.27062 1.62765 6.13073
4.71832 9.62191 14.8677
10.4952 9.68368 7.90817
2.23387 10.62 4.91291
0.873365 2.89273 0.585516
9.70934 9.14419 11.7715
2.56755 5.87307 10.1824
8.08668 0.794048 8.41482
-3.28076 -4.71425 -8.02678
4.02725 11.113 6.29843
8.39564 6.62485 4.51355
7.11689 12.6277 11.5746
-7.89579 -7.69924 -10.2346
-2.82491 -1.05739 -6.15846
7.10605 4.12759 13.2283
-1.9187 -0.549417 6.41599
5.2168 7.63219 -0.232433
6.82176 15.2615 11.6314
8.59865 3.94614 11.8903
0.126808 11.0263 7.76246
1.07886 4.10725 2.59487
4.07545 0.952528 9.93988
-13.1328 -5.44994 -6.578
11.641 10.2365 14.3186
1.36956 11.3592 8.90468
-11.6975 -6.30793 -3.79885
-4.66132 -10.3948 -6.44028
3.4724 2.33754 11.9755
-2.05278 6.91298 5.04331
9.18055 9.69483 8.91074
-2.38193 -0.101813 -6.9362
2.30323 0.255889 6.3024
-0.617844 8.34591 0.606192
-0.755583 3.85596 5.89304
-5.66003 0.126276 6.75768
6.07936 9.05629 11.9645
4.10442 10.4797 11.4526
2.54341 11.1679 10.3808
14.0893 15.497 17.5277
-7.62779 1.03277 -3.56187
-2.67483 -1.99327 -4.22413
7.13978 5.79956 11.4854
-2.08813 0.836034 0.992989
-5.52501 1.9316 3.08928
2.53429 2.27184 7.20196
-8.25518 -10.1878 -2.56405
1.78759 6.53918 9.85093
5.51427 8.80524 1.4105
-3.78612 -5.44753 1.23083
0.477425 2.78709 10.595
8.35932 4.99212 10.1333
-4.72678 -4.44525 -7.15033
8.30779 11.4632 3.64844
7.5676 8.04935 3.97715
1.89698 11.3118 5.58562
5.43605 13.1064 14.5559
10.051 13.663 14.0972
-8.366 -5.42815 0.422598
-6.33433 1.80149 -5.04306
-9.88853 -8.45111 -7.41098
11.4767 8.84544 16.7453
-10.9473 -9.28981 -8.34373
-2.15469 -0.586745 -7.69892
-4.59822 2.67905 5.31348
9.08567 8.60259 11.9284
3.75629 -2.96771 2.13553
-2.52566 6.15828 -2.79154
-2.33526 -5.03047 -0.470491
-4.28798 -7.77508 -2.31972
9.58761 11.3774 11.8447
-4.35817 -0.700316 -5.61801
7.89478 6.38559 0.861834
-0.384935 5.18828 2.83762
7.35575 12.8978 6.36511
-5.246 -7.73713 -1.39506
-0.941224 4.636 6.46524
-1.29083 -9.19119 -2.32003
-8.27901 -7.21697 -9.25315
13.032 13.9316 10.6719
9.52317 16.8381 12.0181
5.33458 -2.83518 5.54423
11.0389 9.21062 13.4508
-1.02153 1.3801 -4.17055
-1.03161 -2.7373 -1.09046
-1.47053 -3.31378 -6.60539
-6.65865 -5.81815 3.04229
12.0726 12.0522 8.015
10.9372 14.5816 11.9268
-1.62738 4.30711 9.33529
8.71706 13.2179 6.43924
0.765651 8.20811 11.3864
0.14713 -2.48585 -0.976953
0.411957 -1.14237 4.10766
7.34519 11.7199 9.01451
-5.67526 -2.94709 -0.619354
14.5867 10.0802 13.7504
7.26949 7.90075 13.88
-11.5226 -5.3755 -4.05493
6.371 -1.81845 7.72382
0.906973 6.44674 -2.34708
4.09912 9.7212 12.747
10.8303 12.526 18.2769
-9.0017 -9.10393 -8.75226
7.93353 14.1951 6.29141
-3.03372 2.41626 5.47588
0.106857 -0.612947 -4.93884
7.01068 11.9989 15.4354
3.95181 7.29198 14.124
7.78923 5.063 14.6305
13.8405 11.7672 11.1618
16.1505 13.0496 14.9663
15.5522 11.9687 10.9961
-9.44316 -0.237512 -4.76926
10.4932 14.4175 9.38998
-4.04229 0.875522 2.67393
8.31622 11.9157 5.12077
-7.25135 -3.42535 -5.20968
-4.60165 -0.314628 -0.217326
-4.91054 0.462394 7.59812
8.88428 7.37814 13.2143
4.43416 -0.0783782 0.909083
12.8764 13.175 7.54258
-6.42845 -3.93605 -7.52416
14.0832 13.4841 18.2105
6.4239 0.564828 1.19128
7.63691 4.79752 13.0787
0.92599 9.80915 6.71363
2.70728 -0.283761 8.15038
11.8152 3.98453 7.53574
0.0318875 1.33466 -0.987861
14.5809 12.4318 9.85347
-6.2854 3.35244 -0.812241
-0.466103 -5.19868 -6.32445
1.02452 8.39327 -0.79445
4.31243 13.8276 10.2324
10.5515 10.241 15.6505
6.69479 9.87325 2.49455
13.5284 9.15974 13.2893
-4.53923 4.69095 2.83516
-1.8042 -3.32688 -8.51645
1.97248 1.05472 2.87555
-1.07611 -3.36191 -2.50426
0.970578 7.57948 1.76295
6.52455 1.33018 4.57839
10.976 7.97875 6.62216
-4.50075 -7.76057 2.44833
12.3699 16.7709 17.3559
-2.0143 -2.54151 -1.02913
10.1867 16.1399 12.4677
-6.37388 -4.28941 -6.8081
-5.80995 -6.69931 2.34488
-0.0177078 5.54039 5.31666
-1.46583 1.62141 3.48703
-2.12791 0.422173 -3.31534
1.75725 5.64054 5.71667
3.41584 -0.14629 8.77447
3.41517 12.3113 4.25882
-2.83897 4.95145 3.55593
12.0187 13.2979 17.5541
-6.78841 -10.7307 -5.3935
-13.6417 -11.6841 -8.77879
2.69216 11.4696 4.17225
-2.49391 -4.69672 -1.43259
2.02435 4.28074 1.74043
-4.70144 -5.89698 -2.66418
-13.5519 -7.90115 -8.82573
-1.90927 -1.96346 2.87137
9.799 13.1078 17.9019
9.88702 9.6384 5.84733
-0.0673356 -4.2846 -2.62464
6.88741 12.659 5.24885
-3.39241 1.3243 9.03348
4.43651 -1.55146 0.0102673
-5.86804 0.0567185 -8.13578
-2.37416 0.756951 7.20071
5.30921 -3.12676 -1.11239
8.22676 10.636 9.11197
-4.09072 -0.256025 2.65126
4.8499 11.5129 10.819
4.50795 8.21498 5.44415
4.92278 7.86695 -0.153712
2.33465 -3.94095 -3.59189
-2.43757 2.4668 2.36679
3.45201 -0.15402 7.85087
1.69988 3.82451 -1.02519
-4.76277 5.00021 -0.731779
4.12411 11.2191 7.4831
-3.19593 -0.656217 -3.22145
3.63367 12.4791 6.58753
5.04979 -0.939166 6.48264
6.47559 14.7746 9.14258
-7.09451 -1.245 2.13748
11.4515 5.44793 9.14097
-1.84496 -0.0747962 3.54958
-3.52385 0.932134 -4.66382
-5.26102 -3.63188 2.16515
-4.35342 7.07817 3.07622
4.07181 6.5279 12.0928
6.18238 5.04671 12.2464
-7.03668 1.01877 -0.939252
12.9487 6.66498 9.50759
-3.99688 -10.8101 -6.60943
-9.07484 -0.558646 -5.58974
-12.322 -7.08698 -7.43168
1.52432 5.9693 13.1739
-3.64399 -5.47863 -0.981836
8.45164 -0.317565 3.10867
-9.5123 -11.1797 -9.38489
-10.0388 -10.1914 -10.1341
3.09974 -0.655042 7.49877
-0.0765147 -3.85137 -3.24533
6.69898 7.58332 2.36361
-1.39082 -3.60852 -8.29744
-4.90184 -1.99574 3.13013
4.24125 8.81564 4.33751
1.00111 -3.04179 -6.10515
-9.35756 -10.4225 -2.42665
1.92296 10.5871 7.87251
14.1497 9.28509 13.2655
8.34154 10.4771 14.7039
6.7423 -2.11655 2.36352
14.362 10.0432 15.6729
8.43213 1.97363 5.53104
-7.55498 -1.11406 -7.38752
9.0228 11.2987 10.8176
-7.86329 -2.9048 -6.91875
-4.72961 4.43217 3.39161
-1.63652 7.6675 -0.774321
3.82941 5.94495 14.1322
-1.81339 1.00834 1.40163
3.09406 8.28297 9.5096
4.30311 2.70591 1.86321
-2.53848 4.12178 8.35264
-0.590233 4.50195 -1.3837
2.60132 6.79381 5.38941
-4.48281 -8.29871 -4.32081
12.8183 5.48837 10.772
-4.41086 2.66918 -4.52599
11.7783 5.15408 8.29338
3.70915 -2.42134 -2.73082
-1.04063 -8.01822 0.789674
-4.44886 -8.95061 1.54329
-5.02091 3.32424 -0.0512738
12.5628 13.4825 12.8009
-7.98547 -5.72512 0.720747
-8.6062 -1.8791 1.24528
4.73065 8.24542 5.25181
-5.50701 0.172758 1.80596
-2.04967 -2.4845 1.10881
12.5789 5.83249 6.96627
14.6114 12.1628 10.2098
8.22055 9.14906 2.04715
3.96304 -0.606456 4.6677
15.315 13.6712 12.233
4.71533 -0.418295 -2.64615
-6.3325 -12.1438 -5.60999
-12.2526 -8.49303 -8.28768
-5.61173 -5.08425 -7.44817
-1.01665 -3.07467 0.514667
12.8052 12.0611 8.86053
10.4888 5.46594 11.7427
6.46581 7.87762 2.01407
-3.88561 5.7716 -2.58634
7.1193 10.6631 14.9703
-1.06252 -0.954129 -2.16726
-10.8937 -8.04083 -4.15435
-1.921 -7.12665 0.561525
-0.919042 2.04333 6.48028
-6.89539 -7.29302 -10.1798
8.3855 7.61101 8.55596
6.38522 14.1644 10.5131
-4.44897 -5.56064 0.457993
-9.20683 -3.49636 -0.468424
4.31214 10.812 8.57942
-4.25719 1.43338 6.37616
-4.03181 2.02678 0.0781599
9.29981 7.36342 3.10319
9.91614 7.44915 7.35073
3.49711 6.16038 -1.09671
-9.22956 -1.31597 -0.952026
5.82158 3.5528 12.6974
9.30828 6.26722 4.90263
-0.851773 -6.27518 -3.58144
-7.36401 0.36078 -2.53334
0.203449 8.61817 1.45879
12.9491 9.33572 6.76755
0.376721 6.15311 -2.00119
9.96349 4.10693 9.75823
7.06808 -0.568017 3.56749
-9.04523 -7.16884 1.06398
1.39243 4.35094 2.62793
5.43762 3.67126 8.77847
1.57217 3.52029 8.21504
-4.23637 -3.55783 -6.64106
-0.600366 2.55558 7.9982
-12.2703 -9.87409 -3.82721
14.6693 9.55969 12.3717
-4.97734 -2.73037 0.788539
-6.15169 -10.3765 -2.90556
7.59879 10.2237 9.14529
7.08955 2.20512 9.8644
-3.81159 -10.168 -6.39045
0.266388 -4.14655 6.73222
-7.72634 1.72178 1.39599
12.3805 4.32994 6.94582
7.18545 6.39575 7.32471
-7.89961 -2.12503 1.14468
15.5455 13.2278 11.9745
-8.53046 -8.31044 -3.06328
-7.80928 -3.62752 1.97683
0.525811 3.498 6.27253
2.80885 0.884183 -2.25381
3.92719 10.3264 13.598
6.65771 4.64601 0.0526095
-6.97501 -2.75411 -8.65281
12.7137 10.0187 9.80913
5.14526 -3.30772 2.88186
-2.01131 -2.47228 4.58528
-6.22445 1.89656 -6.24451
-9.22313 -2.19577 -1.91511
14.4436 12.0791 17.4934
-1.21903 8.02577 3.36212
10.2765 6.04416 2.81797
11.5888 8.75093 5.80419
-0.415639 5.10042 -3.75503
0.208928 -6.99366 -4.62221
0.780567 -3.79316 -1.08817
-3.49016 -9.63918 -2.37366
2.09369 -6.289 -1.12203
-12.4614 -4.98157 -8.95286
0.758703 6.83799 5.56883
3.15953 2.89463 3.45731
3.64408 -3.85898 -1.23005
0.702119 -3.92525 5.67471
-3.77651 -5.26286 3.87066
-4.2969 -10.2938 -6.61863
-7.95516 -5.4473 -6.49476
-6.12467 0.567017 4.47897
-3.32767 -2.82368 -6.2637
4.31104 6.57087 -0.558149
-4.85708 3.75815 5.7174
-1.15308 4.63779 4.50278
0.330035 2.28695 4.00418
8.54182 10.1549 11.2169
2.00603 -5.08015 -0.986898
13.8089 16.7724 14.9635
5.47683 -0.491987 8.08233
-5.73235 1.05519 4.6867
1.37245 5.33554 7.79092
1.51652 8.28664 1.84455
1.32964 -2.08363 6.59611
5.97895 5.00289 9.89024
1.92144 -5.01769 5.99842
-11.3056 -3.18477 -8.3277
-9.00365 -0.825457 -0.224632
11.3869 12.372 7.33293
-1.10574 8.90843 8.66206
3.14404 3.01271 2.33981
-4.98731 -1.41318 5.05514
1.44065 -1.6248 -1.12362
-3.03246 -1.78316 -6.65757
2.68323 3.47457 10.403
2.86324 -1.07363 -3.50562
1.86887 -4.40822 -3.77983
-6.39393 -3.84111 -3.80747
-8.07738 -11.5838 -4.8461
13.1746 13.9075 13.7878
-0.37695 8.24376 -0.487375
3.54632 -1.97102 -1.22256
-2.53942 2.44086 -1.58166
-1.25681 3.80553 4.13275
12.294 17.4168 14.3926
15.2329 14.4952 16.2061
-0.462793 -2.90062 3.68696
-6.51302 -4.57151 -8.99238
-8.85217 -6.9652 -9.99163
6.35772 12.436 11.7316
-3.61364 -2.56827 6.15474
0.703768 -4.68778 1.52151
4.03133 0.937657 -1.36059
4.88297 10.4434 5.43994
7.18401 14.6964 12.9375
9.83877 5.50648 8.7558
14.2812 13.1441 9.05569
5.84308 14.4342 13.2127
-3.62742 -4.45461 0.565373
2.22939 -2.30597 2.02124
0.00425542 -2.96395 -0.337581
-11.5595 -2.94005 -6.32324
-0.026673 6.82508 1.02852
2.55326 0.444553 3.10223
-1.13358 9.29842 5.47867
-2.85836 8.45343 3.43123
-12.8843 -9.56094 -5.09425
1.04044 2.92401 10.2356
-4.79602 1.38771 3.98889
0.336729 2.1765 -5.98122
2.93305 -0.188389 8.26446
4.6352 -4.60835 0.898091
7.29787 2.0776 9.65256
-2.07312 -0.949561 -5.5901
-8.28993 -0.0447459 1.97509
6.87361 13.6502 5.84209
13.0869 11.4893 12.118
-0.728635 1.92651 7.40783
2.15385 10.4925 6.77089
-5.03858 -4.55299 3.16682
-8.80619 0.996153 -2.1111
6.99315 5.7053 5.88837
-3.87215 -1.46793 -0.0883432
-1.41333 9.47842 5.24928
12.8699 9.55992 16.0084
3.44496 9.29064 1.13751
-10.0928 -13.4763 -8.19166
10.1238 14.1446 8.04551
-8.2235 -7.31098 -11.8039
0.613062 -0.409985 -4.65224
10.1055 6.13289 9.812
4.79468 5.10039 8.78297
-1.47828 -7.43432 -7.29571
4.29974 3.23344 11.4598
8.14353 12.0543 13.925
3.26577 10.9649 3.8772
1.62991 -4.31539 -2.53686
-7.12445 0.43603 -6.98405
1.14122 4.51562 11.3284
-8.70882 -0.391549 -0.996234
-5.85956 -4.6188 -9.80677
-0.232444 -4.71026 1.01789
1.16546 3.75983 -2.17185
7.1518 -0.123862 4.55971
15.8349 11.5432 14.8231
-1.91136 -0.495783 6.96981
-0.302369 7.6443 -1.35433
13.0532 15.4805 10.1891
-2.42874 1.2093 0.732703
-10.3502 -7.00546 -6.67572
9.44276 13.7403 15.3868
-0.225642 3.17151 5.04495
5.66123 4.13402 14.2865
12.8387 11.9353 13.3879
9.82798 9.84557 16.8474
1.34364 8.63722 11.7608
11.6718 8.60041 15.8792
-4.94042 2.4531 4.59395
3.80952 -3.19304 -2.31505
-7.4063 0.324894 -0.661456
-10.9214 -11.9778 -5.73909
3.66121 -4.06101 6.01313
-10.3224 -12.1845 -6.47254
1.99177 3.50185 7.93341
13.593 10.7764 12.5219
-2.37775 -8.20974 -5.45708
13.2674 12.1446 9.82896
-2.54779 -5.96691 -8.22478
12.4451 15.7186 15.4794
-1.12432 -6.64971 -4.46252
5.94486 13.3997 8.03527
9.45856 15.2452 13.3172
14.8915 9.47934 10.5016
-3.10029 2.94396 -3.15991
-4.57304 -9.2055 -8.27079
-10.0285 -1.69507 -5.36077
7.79115 0.664126 2.92434
13.6536 12.7577 11.2305
0.602636 2.7826 4.43474
-9.27939 -6.19489 -2.35455
6.18953 1.8525 6.52285
7.00704 4.87963 1.3657
-5.8963 -7.01082 -6.9518
0.0613104 -2.25367 4.29009
9.93543 14.205 11.4209
6.41834 3.198 4.87539
-2.38765 -3.78423 -3.5268
3.04454 7.68603 9.76411
3.56697 8.02371 6.87532
-13.6068 -5.69756 -7.12012
10.7922 13.1899 8.20342
2.51024 -1.67601 -0.701623
1.53387 9.65325 6.25553
-8.81593 -10.0522 -11.9886
1.11538 -0.862589 -6.13083
3.20645 10.7675 8.19386
4.46722 -2.71143 -2.10598
7.02379 1.1526 10.3912
13.8544 12.3374 11.8898
13.1053 16.4899 13.6627
2.54092 -1.77994 6.59342
1.26822 1.05677 0.721554
2.58588 3.21179 9.45492
-10.4286 -3.36066 -4.60277
-4.02485 -4.68723 5.42751
-9.88453 -9.21059 -1.39001
3.58986 8.31708 2.22454
-3.50682 -7.46207 1.23619
-3.25049 -3.99858 4.83128
-0.569327 9.32077 2.38075
3.23556 2.14749 -0.275592
11.3355 13.0474 12.2999
7.01457 4.72787 3.31071
2.18824 4.15547 7.2472
-9.42424 -3.73552 -8.65711
-2.00106 -3.77029 4.24939
-6.8331 0.647157 0.13268
-2.05217 5.24226 -3.55053
1.63267 -4.69452 0.442171
15.9677 12.6681 13.8174
14.2278 9.92057 11.9164
0.958151 6.73266 4.2794
-9.21642 -10.1421 -2.83374
-11.488 -8.68537 -2.59883
-0.733271 0.692834 -2.02084
-6.04612 -3.30702 3.21389
-1.61231 -0.269765 3.17219
8.39052 13.1125 10.331
8.24777 14.1128 14.7802
-7.98863 -8.175 -9.16433
5.55517 3.20357 5.17608
8.04123 11.9262 14.1591
-6.39061 -7.43818 -4.47788
-4.45502 -5.21804 4.35971
-3.34592 6.32664 3.6725
-9.37341 -8.78375 -2.23215
-7.13437 -9.95081 -6.37762
11.9396 5.88681 4.85724
-1.77311 7.8014 4.76313
-3.72113 -8.3671 -2.06509
-4.69288 -8.02123 2.1135
8.53057 8.33539 6.19267
9.33931 7.50963 12.5955
10.7759 12.3283 5.63164
5.23387 1.6044 11.1624
10.7952 10.2875 13.6235
-2.03728 8.10466 6.62458
-1.01397 7.51584 5.68868
-1.13905 -3.37223 0.0783301
-3.68879 -0.841467 7.175
-0.721315 -6.40028 -6.38861
-8.241 -3.2881 -7.28387
-9.41591 -10.4709 -9.53657
13.0672 7.43084 9.02984
9.72359 12.5065 16.2748
-7.90654 -8.83513 -8.93718
5.24514 -0.00366492 -1.23793
6.55834 -0.469988 4.86083
14.2456 10.8905 15.8994
-9.13207 -0.238768 -3.64807
-1.17021 -5.05079 6.21476
-2.65473 7.39543 4.00347
-3.40869 7.37509 2.24703
-0.824514 -8.55049 -4.89674
10.855 16.0007 15.8327
4.67866 3.31998 5.13751
7.66145 2.21653 7.76464
-4.01981 -8.0409 -1.59308
-3.11092 -5.84463 -4.91313
-1.77739 -4.15154 5.22283
2.72524 1.12478 1.84406
5.03879 6.11547 6.81382
-7.58373 -5.82796 -9.13506
8.88372 8.3492 15.763
5.9486 12.2599 4.1077
1.48001 -4.42722 4.58112
13.7179 9.2258 8.65437
7.57919 8.69285 13.2251
-5.14606 0.0212417 -2.35963
-0.84591 -5.5773 1.8599
1.65018 6.0594 3.7334
-0.627623 -4.2038 0.704083
4.47603 6.52499 11.7963
-13.1501 -9.7677 -6.08874
-1.95655 -5.88879 0.418481
6.01035 2.84527 1.86362
-7.98446 -1.99441 -5.06537
-1.17367 5.8979 9.25199
-6.64812 -0.775859 4.35573
5.05958 11.602 7.3856
12.8172 12.7227 8.55094
11.3169 9.41662 8.60598
-1.47724 -0.0218686 3.62033
-8.47577 -12.04 -6.50104
10.4043 11.8881 10.7791
4.79072 9.4005 13.9987
14.0801 15.7729 14.4977
-5.05276 3.61802 6.75993
8.69082 10.8443 12.995
11.4555 3.42988 8.3202
-13.3027 -8.68478 -8.92435
1.21631 3.49829 -0.0286447
9.35325 9.80488 3.13833
-3.12789 1.91129 7.10061
12.3309 6.44304 11.8321
11.1374 8.614 8.03399
-5.50113 3.99048 0.976254
7.53118 14.2393 12.9167
9.16007 4.31219 4.56209
4.62224 0.553586 2.82959
-1.51343 4.05504 -2.01931
-1.2987 -9.32806 -3.58877
0.433301 6.54776 9.38801
3.60883 9.59288 12.2236
-4.56044 -8.21886 1.8489
10.1624 12.3364 17.3201
-3.97443 -0.228252 -3.72388
-6.48675 -4.52637 2.17459
0.232133 1.64153 -3.32511
-8.58381 -6.82612 0.0666574
1.12412 5.58578 1.99361
-2.02901 -5.83365 0.689097
11.0998 8.76238 11.0171
-14.4578 -10.8431 -10.4292
4.01124 2.66251 12.1726
-3.83497 -7.19121 -4.92076
2.94486 10.4054 3.16353
-6.54964 -11.0195 -6.11611
7.54488 10.7276 5.96532
0.810413 -2.74676 -0.220782
12.8313 13.1429 15.7867
-3.91041 4.01229 0.00838
-5.3436 -4.44617 -9.31949
10.2018 3.7647 6.59981
11.8718 11.4087 11.6273
3.48712 6.30786 11.771
-9.57428 -8.28923 -6.63298
1.08352 7.86163 9.13809
0.39576 8.5063 4.43435
0.356456 -5.56512 4.9482
8.66167 6.6504 15.9716
-1.71205 4.26621 1.75803
-7.45004 -12.577 -5.57668
10.8005 12.5085 17.0252
2.27776 10.4822 6.33552
1.6771 1.48898 2.85027
7.33722 2.45943 5.14467
10.2335 7.39414 7.92109
-5.8466 -2.29078 -9.42274
8.53835 3.78518 0.146413
4.96094 6.10156 10.6583
-10.6667 -4.94426 -10.2679
0.45271 -0.783335 -2.84577
-1.98794 7.6412 4.00522
-0.876503 -5.9804 3.01215
-2.00822 -3.11152 2.26246
10.0096 5.35726 12.1094
4.9606 6.12057 5.08365
5.86311 9.3152 7.51641
11.7399 11.0692 14.1751
1.89155 0.718242 4.38783
8.2819 5.81433 2.67599
-1.57355 3.15494 8.73879
1.31033 -2.34936 -5.63222
12.2382 17.3757 15.2907
-1.96144 5.12941 9.72965
8.91564 3.1978 8.49981
-2.63571 0.0580628 1.35974
12.6548 7.19491 5.57004
6.76813 11.6545 14.6793
-1.6433 7.34492 -0.640191
3.07491 -5.18765 -2.99904
-3.62687 -8.88753 1.65504
-0.958328 -4.60773 -6.43615
6.0962 5.0996 8.5208
15.0956 16.1491 14.2319
-3.77024 0.0860071 -4.85631
-0.066335 -0.36677 3.64221
10.0106 8.76588 8.06164
10.2283 5.90387 4.58453
-8.71342 -8.7635 -0.602253
11.116 5.22692 5.37095
9.27912 14.6037 9.9607
2.23969 7.15854 1.37099
3.69322 -1.05617 10.2109
-13.4576 -8.47334 -7.48288
-3.42923 -7.43488 -6.31693
-11.2226 -8.11322 -7.93967
2.29072 6.46282 13.3193
1.84365 1.08803 10.4161
-1.7979 -3.49534 6.69139
7.08912 3.8772 4.86566
10.7327 13.6429 11.4946
-7.89513 -2.83256 -1.88385
9.72337 5.33398 5.53082
-11.3347 -13.0526 -10.1556
-2.86421 4.78773 5.04129
-0.246316 -0.415052 -1.06004
5.50086 13.0173 9.68162
0.534634 -5.10847 -4.78417
10.5114 10.9761 10.2291
11.4363 11.6751 12.3409
4.6986 11.0569 9.67299
7.02157 -0.473389 1.92296
-7.42403 2.51266 -0.051086
-3.65716 1.84112 8.84166
8.221 3.87942 13.6274
10.2413 9.07696 9.1665
3.03996 2.04437 -0.639303
-5.23166 -10.7372 -5.23532
-7.9745 0.709696 -5.82244
-7.99317 -11.9089 -7.1203
1.56015 -2.37931 -6.43438
3.79358 5.95378 7.90524
-6.67418 -2.0305 0.764414
7.78536 6.48052 12.9693
7.04271 9.79377 13.1826
2.55091 -1.4594 9.52976
-7.64269 2.01135 -1.95524
3.44024 8.76029 -0.389046
-7.07706 -10.4915 -6.78698
14.8455 10.4085 15.2219
15.1477 16.6716 15.4378
9.43512 13.5378 11.8962
7.82552 10.7837 6.45862
-0.821059 6.25536 5.78903
-7.2275 -6.96742 -11
3.46047 -1.85624 -4.23999
-9.82979 -5.90599 -11.229
9.5407 12.0698 9.65721
-1.29515 -3.30761 -2.48511
-2.52957 -0.0398307 -4.4824
-0.51608 2.8487 5.69725
-6.75471 -4.79532 4.21915
-10.4479 -9.77319 -6.74675
-2.48508 3.80523 5.29595
5.9215 3.84454 3.11281
-5.8728 -7.12357 2.57357
0.721633 7.43265 9.321
-1.27507 6.0349 7.17764
9.61461 12.1949 17.1419
-11.0615 -4.06483 -4.5867
-9.75525 -1.48088 -5.09602
1.24385 3.40323 -1.66011
4.60955 10.5579 8.51646
6.18467 1.46059 3.27082
-4.13451 3.79427 -4.99549
4.97028 5.90773 9.80484
-4.73096 -5.12957 -2.96251
-10.3549 -13.1935 -8.5349
-12.2862 -10.3392 -11.5648
12.2928 5.36043 8.80904
9.43187 6.57179 5.28236
15.6143 13.2294 16.1574
9.33981 6.69652 14.0626
5.8045 12.5024 14.3045
-1.81834 0.162228 -3.87559
-2.60319 -4.44724 -1.76933
-2.21157 2.76358 -1.58956
-1.31156 -3.17783 -1.25526
4.40943 4.10456 4.99831
3.23478 0.529286 3.07183
-0.855256 10.1873 6.32593
8.77006 3.31532 2.8246
8.629 12.1045 9.07379
3.43837 -1.6868 8.74201
1.93624 8.37191 6.11652
-9.43629 -7.95733 -3.44916
-1.99481 0.576419 9.18311
10.217 10.0159 16.9177
10.6474 11.3666 5.05933
-1.64283 0.661303 -5.56993
-0.317269 2.3227 10.2303
1.71831 9.68699 8.85772
3.30172 -0.33338 -3.12639
5.8448 1.3625 10.2036
-8.2822 -2.69151 -8.33278
6.40456 6.28817 0.0185898
8.9007 14.5755 13.5628
-8.99158 -7.73177 -10.2554
-5.35143 1.60544 4.12993
-9.19073 -8.58425 -5.24964
13.9943 13.6229 14.0249
0.922841 6.47049 2.84335
-12.8297 -13.0669 -9.99322
-5.47834 -2.81067 -7.43865
6.49182 12.1795 7.92247
13.8764 7.11088 10.3989
11.0464 15.65 11.989
4.26063 0.821897 9.70838
5.61679 13.2915 14.4282
10.2311 4.52442 11.9605
6.23722 6.82738 9.45515
-2.06055 2.78362 -4.06369
4.34244 1.72214 0.149143
6.37649 10.4692 11.1348
-10.5663 -4.17295 -2.17034
-3.12652 -6.32114 2.63983
15.11 10.0348 10.5892
-5.79675 -8.16942 -6.06901
0.736406 -1.90554 -2.89523
-9.03854 -2.61697 -0.0449348
9.49981 10.1617 5.97542
4.62632 -0.0602671 -3.00235
-4.01786 1.16295 -7.51966
11.383 15.1323 8.91602
-0.1465 7.35314 10.3952
-8.6531 0.391564 -3.0148
-13.325 -10.5161 -9.08379
-1.87572 2.5522 1.86309
1.80325 3.06178 -0.1916
-7.82727 3.25386 -1.76579
3.42835 4.4851 10.6699
-0.919832 -1.53757 9.3264
-7.98551 -7.68153 -5.33
-7.53102 -0.727804 -4.11611
10.4069 9.51801 11.3845
-4.02062 -6.32139 -2.65134
11.4079 8.3152 12.5544
-3.09291 -8.31005 -0.156408
12.2328 11.4033 14.1618
-0.797305 -0.748594 1.12339
14.2509 10.4882 13.0898
5.45071 9.69419 14.0595
13.6153 9.63862 12.971
-6.59062 0.194081 3.65698
0.569607 -4.83285 2.35045
3.27123 6.39322 3.50883
-7.71252 -5.13305 -4.48433
6.50498 13.2946 10.0894
5.42318 5.8346 3.83307
5.12482 -1.81106 0.0905855
5.40369 2.98063 5.50573
10.5177 16.3394 14.2635
-7.06631 -6.21595 -5.99788
13.6245 8.62652 15.4832
14.173 8.9426 13.3737
-1.09441 5.8151 -2.29686
-0.655391 6.67341 7.29701
1.00323 -3.30732 -1.9948
1.40337 1.95877 -0.261941
9.01062 11.7084 9.61133
11.7639 6.4159 8.19633
0.242334 -8.40244 -0.884164
4.42693 6.24252 0.999944
7.83595 14.5911 10.3501
9.91778 7.47361 7.88897
-0.483177 -8.69224 -4.04331
-8.28653 0.262005 -4.57705
4.17387 1.98648 7.38098
-3.03576 -1.33533 -7.53012
-9.89523 -12.6815 -8.29843
9.43818 0.484659 5.4731
3.36215 -0.982203 -4.30775
5.52069 11.8673 14.5451
-1.31374 7.0373 4.4437
-4.40555 -4.02274 -0.748377
-2.39762 1.64915 -3.46954
-7.60799 -12.0269 -7.278
-7.91626 -3.78021 -1.45194
-1.92428 -2.99996 -2.78657
-10.2978 -7.82996 -12.0687
7.18708 4.24983 3.60619
5.49585 0.227027 10.9545
4.78386 2.22222 1.01271
10.4626 13.293 7.11439
-9.33808 -7.40759 -5.48276
9.25065 2.40625 4.55887
-9.51582 -4.43607 -5.09186
4.36783 4.14201 6.71868
13.4138 14.5828 11.8226
8.50786 11.323 15.2127
15.1264 10.2862 10.9457
-6.802 -4.06327 1.70799
2.45374 10.2568 9.26531
6.72858 2.81466 0.868253
3.87827 6.25634 -0.366639
-3.36516 -5.9531 4.92568
-13.5275 -7.23859 -8.88605
-1.93334 2.33363 1.69051
5.83368 7.50962 14.5204
-10.398 -10.0724 -2.66437
0.526361 9.15706 9.25696
-10.1208 -10.9928 -3.36582
-7.18415 -2.3729 3.20308
-3.28355 -2.8327 4.01813
6.70228 5.6141 6.15734
-4.62728 -5.33164 -0.474761
4.19373 -0.0928731 9.21828
3.66323 9.22008 7.32081
-0.105538 -0.293034 -5.28759
10.1252 11.3577 9.4058
-3.21839 1.23641 8.63905
6.75244 -2.59048 4.91688
0.718786 -0.624165 -0.644064
5.28167 7.64878 6.85513
12.222 9.15074 11.7316
3.58257 6.36177 8.89462
-4.04041 2.69524 -5.31469
-9.91148 0.668429 -1.66341
-5.71793 3.00006 0.897888
-3.09988 -5.32219 3.34635
-6.88711 -3.8761 1.18827
-1.99259 1.9649 0.77151
-8.82396 -10.1258 -6.41511
11.7874 9.70792 13.944
11.4044 15.7525 13.836
-5.58462 -5.35745 0.675835
-0.0199698 1.67757 -4.44485
-6.60545 -10.2885 -7.39703
10.8459 14.8792 13.6199
-5.08906 0.455439 -1.17114
13.7384 10.071 15.4168
11.7566 12.0597 8.46512
-8.99695 -1.27642 -8.15
-3.75441 1.04786 0.856188
-0.948613 9.36593 8.35191
-9.01665 -13.0143 -7.55006
14.7287 10.6641 15.895
8.33789 7.88806 4.94331
6.06436 7.70088 1.33335
-7.3415 -3.86551 -9.70117
5.60744 3.42153 -1.34748
12.7094 5.09452 8.02835
-6.03546 -3.53328 -8.05101
3.52392 -0.404572 0.914927
9.92386 7.37889 7.84867
1.18205 2.66051 2.31321
5.16469 8.59505 0.400574
7.06719 0.334418 2.90339
-10.8395 -9.96357 -7.849
7.66155 10.8208 9.95314
10.2841 7.43389 3.17695
-3.10483 -0.330876 4.76811
1.81046 10.8306 2.52575
-2.69595 0.211967 7.45959
7.20949 6.49518 4.62369
3.7597 7.23587 8.64243
-5.89821 -4.27495 -9.24578
-9.27449 -7.65933 -7.56832
-7.28812 -5.30995 -3.00239
5.46138 6.7341 11.4894
5.57934 4.07194 3.86035
11.4793 12.8305 9.39935
-5.93162 -4.27102 0.639459
11.0143 10.1119 12.8512
13.2446 13.7111 9.76558
2.60583 -1.17028 5.66677
5.70069 5.50865 2.00203
-5.13288 -4.01831 -3.42485
5.78763 7.2316 2.32538
1.03994 -5.24027 1.37441
-1.60752 -3.99943 -6.4711
-12.2554 -7.91421 -9.6253
-11.9587 -11.1211 -11.0451
5.15901 2.34051 1.2632
3.43905 2.92034 1.08483
-4.5901 4.03815 7.57766
7.01146 5.36918 9.77386
6.84181 12.2274 6.67937
-3.09104 -3.04217 -3.676
-10.1586 -1.47237 0.28668
14.9418 14.0649 17.2887
11.78 5.66281 5.05886
10.1341 8.17407 3.08037
